0.7024750933051109
0.6772709712386131
0.5573374703526497
0.42163442075252533
0.3533245176076889
0.3203685060143471
0.32254501432180405
0.31164053827524185
0.33298907428979874
0.30686309933662415
0.30751946568489075
0.30702489614486694
0.3151407539844513
0.34762270748615265
0.3196124956011772
0.30736512690782547
0.3087616041302681
0.3124779313802719
0.3114100396633148
0.31910399347543716
0.3079991862177849
0.3058137744665146
0.3056555539369583
0.3055426701903343
0.31354397535324097
0.3095621094107628
0.3074125424027443
0.3167293965816498
0.3025206923484802
0.3024770990014076
0.31151067465543747
0.30123957246541977
0.30302879214286804
0.30786826461553574
0.3117956891655922
0.2975703030824661
0.2976137399673462
0.2937079966068268
0.3080490604043007
0.3035681024193764
0.29960156977176666
0.2982228547334671
0.2978033870458603
0.2954099550843239
0.2950997054576874
0.3017551302909851
0.29944685846567154
0.3017590120434761
0.29932190477848053
0.2963503450155258
